5100736
5135419
5100705
5100779
5100366
5100752
5100440
5102884
5101213
5100552
5100394
5100550
5135906
5100731
5100686
5100401
5100384
5100491
5100695
5100538
5100434
5102575
5100392
5102579
5100700
5101204
5100393
5101220
5100742
5100785
5102585
5134621
5100716
5100623
5100620
5135744
5102637
5100679
5135904
5102620
5135424
5100772
5102609
5135746
5100619
5134175
5100411
5100363
5100375
5100428
5100498
5100494
5134616
5100699
5100789
5100722
5100557
5100438
5100403
5100402
5100443
5100743
5100778
5101212
5100734
5100521
5100563
5100537
5100390
5135898
5102626
5134174
5100737
5100485
5134179
5100651
5100693
5100642
5100453
5135423
5100389
5100542
5100671
5134173
5100372
5134618
5100472
5100639
5100522
5134615
5100594
5100697
5102587
5100554
5100484
5100400
5100487
5102631
5100471
5100500
5134177
5100422
5100444
5101201
5100386
5100780
5100647
5100730
5100788
5100565
5100433
5100745
5100367
5100457
5100399
5100713
5134176
5102876
5101214
5100681
5102628
5102891
5102635
5102596
5100773
5100570
5100758
5100513
5102597
5101207
5101216
5135742
5100740
5100370
5102879
5100645
5100622
5100683
5100541
5100463
5102872
5100535
5102636
5100701
5100583
5100685
5100747
5100460
5100735
5100455
5102621
5135738
5100547
5100478
5100405
5100435
5100643
5100410
5100506
5102878
5100707
5100515
5100562
5100432
5100575
5102614
5100744
5100692
5100380
5100459
5100765
5100511
5100759
5100462
5100776
5102629
5100416
5100548
5135417
5102617
5100458
5102627
5100527
5102611
5100764
5100791
5101219
5134620
5100763
5100787
5100415
5100468
5100404
5100503
5100721
5100624
5102599
5100545
5100382
5102625
5100782
5100539
5100419
5100517
5100424
5100646
5135901
5100524
5100423
5100587
5100447
5102577
5100689
5100766
5100709
5100377
5100696
5100715
5100653
5101211
5102603
5102605
5134178
5100536
5134623
5100608
5100364
5100556
5100490
5100371
5102889
5135418
5100431
5100684
5101209
5100762
5100528
5100388
5100481
5100362
5102888
5100483
5102873
5100605
5102632
5135902
5100482
5100621
5102874
5102594
5100555
5100702
5102601
5134617
5100504
5102623
5102619
5102600
5102607
5100475
5100374
5100727
5100564
5100365
5100748
5100505
5100425
5100691
5100383
5100698
5134619
5100694
5100476
5100706
5100641
5100442
5100397
5101202
5100596
5100751
5100445
5135741
5100618
5100775
5101206
5101221
5100448
5100680
5100718
5100755
5100757
5134624
5100690
5100429
5102586
5100396
5100569
5100427
5102588
5100771
5100761
5100540
5100561
5102616
5100733
5100510
5100379
5101215
5135422
5102581
5100746
5100532
5135905
5100461
5102602
5102608
5100469
5100395
5135420
5100687
5100724
5135899
5100720
5100738
5100385
5100486
5100568
5100576
5100714
5100723
5102882
5100741
5100712
5135416
5102639
5100531
5100549
5100595
5102606
5102871
5102610
5100373
5102578
5100546
5102892
5135421
5135897
5100710
5100387
5100477
5100652
5135745
5100790
5102574
5135903
5102593
5100760
5100499
5100682
5100378
5100566
5100678
5102634
5100493
5100784
5100420
5100479
5102638
5102613
5102887
5100525
5100474
5100602
5100518
5100781
5100441
5100703
5102869
5100464
5100739
5100508
5100768
5100614
5102886
5100512
5100412
5100430
5100603
5101205
5100450
5100368
5101217
5100451
5100553
5102615
5102622
5100436
5102584
5102589
5100719
5100728
5100786
5100496
5100480
5102890
5100688
5101210
5135743
5100409
5102612
5100578
5100507
5100625
5100767
5100770
5101218
5100417
5100672
5100754
5102883
5100732
5100421
5100497
5100717
5100526
5134180
5102875
5100501
5100726
5100599
5100708
5100756
5100769
5102877
5100644
5100509
5100530
5101208
5100381
5102870
5100567
5102590
5100488
5135740
5135737
5100725
5102604
5100391
5100492
5102595
5100604
5102624
5102618
5135739
5100612
5134622
5100449
5100398
5135425
5100466
5100523
5100711
5100592
5100446
5102583
5100514
5100452
5100467
5100606
5100609
5100750
5134171
5100551
5135900
5102881
5100704
5134172
5102591
5102576
5102885
5100454
5100783
5100426
5100489
5100627
5100749
5100439
5102580
5100470
5102592
5100376
5101203
5100520
5100777
5100495
5100533
5102633
5102582
5102598
